DSCF4177
3D:
[64 64 29;
 32 80 67;
 48 48 48;
 32 48 48;
 180 180 0.01;
 160 120 0.01]

2D:
[1034 1149;
 814 682;
 790 1062;
 666 1000;
 2427 986;
 2124 1266]
 
DSCF4178
3D:
[64, 0.01, 0.01;
 180, 180, 0.01;
 32, 80, 48;
 64, 64, 29;
 48, 16, 29;
 32, 80, 29];
2D:
[514, 1162;
 2431, 947 ;
 870, 258;
 946, 718;
 514, 822;
 910, 542];
 
DSCF4186
3D:
[0.01 80 29;
 32 80 67;
 32 48 48;
 160 120 0.01;
 0.01 64 19;
 180 40 0.01]
 
2D:
[2723 85;
 2411 482;
 2299 618;
 966 1478;
 2647 918;
 858 1142]
 
 DSCF4187
 
 3D:
 [32 80 67;
  0.01 80 48;
  48 48 48;
  0.01 80 29;
  180 40 0;
  160 60 0]
   
2D:
[2082 267;
 2319 402;
 1755 414;
 2299 590;
 486 1118;
 760 1162]
 
 
 DSCF4190
 3D:
 [64 0.01 19;
  32 80 29;
  0.01 80 67;
  48 16 48;
  160 20 0.01;
  20 180 0.01]
  
2D:
[698 830;
 1471 622;
 1503 185;
 842 526;
 492 1639;
 2429 836]
 
 DSCF4191
 3D:
 [32 80 67;
  48 16 48;
  64 0.01 29;
  0.01 80 48;
  180 20 0.01;
  140 40 0.01]
  
2D:
[1647 202;
 1047 426;
 878 645;
 1716 128;
 475 1597;
 934 1334]
 
 
 
 
 
 
 
 
 
 
 
 
 
 
 
